<?xml version="1.0"?>
<opencv_storage>
<calibration_time>"Thu Nov 14 17:28:34 2019"</calibration_time>
<nr_of_frames>19</nr_of_frames>
<image_width>1600</image_width>
<image_height>1200</image_height>
<board_width>8</board_width>
<board_height>6</board_height>
<square_size>50.</square_size>
<fix_aspect_ratio>1.</fix_aspect_ratio>
<!-- flags: +fix_aspectRatio +fix_principal_point +zero_tangent_dist +fix_k4 +fix_k5 -->
<flags>6158</flags>
<fisheye_model>0</fisheye_model>
<camera_matrix type_id="opencv-matrix">
  <rows>3</rows>
  <cols>3</cols>
  <dt>d</dt>
  <data>
    1.2101386367597186e+03 0. 800. 0. 1.2101386367597186e+03 600. 0. 0.
    1.</data></camera_matrix>
<distortion_coefficients type_id="opencv-matrix">
  <rows>5</rows>
  <cols>1</cols>
  <dt>d</dt>
  <data>
    9.4916372846786570e-02 -4.8833371216807829e-02 0. 0.
    -2.3048306047694669e-01</data></distortion_coefficients>
<avg_reprojection_error>7.3824796599315790e-01</avg_reprojection_error>
<per_view_reprojection_errors type_id="opencv-matrix">
  <rows>19</rows>
  <cols>1</cols>
  <dt>f</dt>
  <data>
    5.33072829e-01 5.00791788e-01 4.86319184e-01 5.52354395e-01
    8.78077090e-01 1.04908621e+00 8.13215256e-01 9.00033593e-01
    6.57629073e-01 5.93825936e-01 7.35410988e-01 6.11059725e-01
    6.22616887e-01 7.78268516e-01 4.72797930e-01 8.24758649e-01
    1.14745164e+00 7.69742846e-01 6.55784488e-01</data></per_view_reprojection_errors>
<!-- a set of 6-tuples (rotation vector + translation vector) for each view -->
<extrinsic_parameters type_id="opencv-matrix">
  <rows>19</rows>
  <cols>6</cols>
  <dt>d</dt>
  <data>
    -2.5775280776327326e-03 -2.5497653262857613e-02
    -1.9887855306577975e-03 -1.7207339387935451e+02
    -1.2312096960355407e+02 5.2495897917697255e+02
    -5.3359361362655011e-01 6.0082122764742313e-02
    3.7805457048161718e-02 -1.2127986337570056e+02
    -1.4998600706975114e+02 7.5814701340863303e+02
    5.4239896575072721e-01 8.3194783322423124e-02 7.9438802749848519e-02
    -1.2966628598933841e+02 -1.7205419324825037e+01
    6.2955956446470339e+02 6.3618121523080121e-02 5.3456992013997895e-01
    6.7701642125617120e-02 -2.9579086667708975e+02
    -1.5056771809392461e+02 6.4786950214489002e+02
    2.3984253061405286e-01 6.5363458521711992e-01 2.2206317253752256e-01
    -2.1833643453230360e+02 -2.0516751390755078e+02
    7.0189711707025299e+02 3.8701215107176223e-01
    -7.4991818520006470e-01 -1.2251601520761765e-01
    -2.0909798705173582e+01 -9.8235001170629886e+01
    3.7665944308135664e+02 -8.5115965972193497e-01
    4.6158161228258679e-02 4.1197059453257460e-02
    -1.9101830900055873e+02 -1.2837308313751123e+02
    6.8685279519891810e+02 -3.2272422381705390e-01
    -3.6593642352273963e-02 -1.0293051139558982e-03
    -1.3887018986794209e+02 -1.5727763460517892e+02
    5.9867389863276139e+02 5.7010398093623016e-01 7.1651145340128675e-01
    5.2685136291908985e-01 -1.4212432139097132e+02
    -1.8620984993981597e+02 7.3601474698031063e+02
    7.7601609486782708e-01 -5.5359371566278059e-01
    2.6648363872604325e-01 -3.0566139166566341e+01
    -2.7828343378730640e+01 5.3848412330788290e+02
    1.9311683123547552e-01 9.4724279935957956e-01 4.1155537739364634e-01
    -9.8701295063599645e+01 -2.4543499933112062e+02
    7.1547241241600284e+02 3.6947934957695294e-01
    -1.0854027709355454e+00 -4.5475928510731616e-02
    -8.3752106997557078e+01 -1.2017568945786101e+02
    5.2208873611918841e+02 5.3033544754140904e-01
    -1.0157627260935889e+00 -2.4319941998931691e-01
    -1.0808612521837340e+02 -6.2589128193918370e+01
    4.7326712680588724e+02 6.4528631719974305e-01 8.2379659278046535e-01
    5.0783226247876423e-01 -7.7911838390120764e+01
    -2.1096723091873969e+02 6.7443438921771360e+02
    5.0222904708739391e-01 -2.4347924553305644e-02
    1.8382024969869584e-02 -1.5937809115410954e+02
    -1.4270790650229415e+02 7.2546462021979369e+02
    4.5623060212163841e-01 -1.1755138822381703e-02
    -6.0250093451116680e-03 -1.0495760810396051e+02
    -1.3337710858092277e+02 7.0997663920490766e+02
    7.1388873331757019e-01 1.1209343919870548e-02
    -8.1140730698683380e-03 -1.0328965958544372e+02
    -1.0756785689403344e+02 6.7898650647432555e+02
    4.1697927136582974e-01 -1.5384028920336246e-02
    4.5006216270586010e-03 -1.0420652167915146e+02
    -1.3575400336308260e+02 5.7826186991767145e+02
    -4.6373862853466147e-01 5.4133837938381957e-01
    9.4681193424195819e-04 -2.1416820131099325e+02
    -1.1560921475856750e+02 6.9886911473145619e+02</data></extrinsic_parameters>
